-1.587145120158405405e+02 -1.711955415755339516e+02 -1.098596837263710313e+02
-1.262011615045334452e+02 -2.129139344148215969e+02 -2.519462386428526202e+02
-1.744163254220661941e+02 -2.235151190914958761e+02 -3.005919426276488480e+02
-2.222562142351908392e+02 -1.162362772935569524e+02 -2.749963315008310474e+02
-1.538129473940939249e+02 -1.775708374269405567e+02 -1.061155219910219927e+02
-1.459507340119604919e+02 -2.180329616966201343e+02 -2.763050865649826164e+02
-2.175931795367821167e+02 -2.150767272722887924e+02 -2.653443238179993386e+02
-2.160434834995802476e+02 -1.399263604757369421e+02 -1.604448537767727885e+02
-1.998704496572386518e+02 -1.989276152261239190e+02 -1.023792225346817020e+02
-1.991473819165560997e+02 -2.198561065227395375e+02 -2.106702120814933323e+02
-2.201203431897289704e+02 -1.894256619141027045e+02 -2.238791095240156039e+02
-2.201333834481498570e+02 -1.346970167718384630e+02 -2.668619682612189195e+02
-1.004486530953272734e+02 -1.016154081430990317e+02 -9.905783642192368177e+01
-9.600382517846907149e+01 -1.210374571703317770e+02 -1.278722399269144034e+02
-1.213711377058551761e+02 -1.408204328957545499e+02 -2.010599610425600758e+02
-1.192265015336389524e+02 -9.904826926792276254e+01 -1.192356510842024875e+02
-9.626835279609608165e+01 -1.077268153088695044e+02 -1.852602736217871211e+02
-9.522200876496391686e+01 -1.127349184730163643e+02 -1.916191270397256403e+02
-1.281757897645313733e+02 -9.704253486552792651e+01 -1.166913244575320050e+02
-1.060261168992334859e+02 -1.025967093481016121e+02 -9.328626423940323775e+01
-9.091230055999092485e+01 -9.029259621943239722e+01 -8.659272025811176832e+01
-9.221354210073938873e+01 -8.946305183812944506e+01 -9.625082549369531648e+01
-8.959051780716424673e+01 -1.006300493428500573e+02 -1.148095432998123187e+02
-9.093655658402478537e+01 -9.100148802035698736e+01 -9.194958943145425678e+01
-8.109900485140180137e+01 -8.737320312329228500e+01 -1.660579077087283508e+02
-9.826199914000025615e+01 -8.750150610538972273e+01 -1.901730649641399680e+02
-8.503335235249473101e+01 -8.229577793998927859e+01 -1.226750324344195917e+02
-8.495720789257207173e+01 -8.634175262861714373e+01 -7.863714797072742613e+01
-7.850583181175827008e+01 -7.742119054907404063e+01 -7.645337506255712867e+01
-7.661186351181692089e+01 -8.644864120941421959e+01 -7.687714173845809285e+01
-7.743593186527198213e+01 -7.822742401102796350e+01 -8.898669075283740426e+01
-7.763472447269943189e+01 -7.806566802909475200e+01 -8.397734409167566128e+01
-7.522511891758907154e+01 -7.558889019999506331e+01 -2.219262650438844275e+02
-7.556970824374525364e+01 -7.631640956889413019e+01 -2.169090161820549554e+02
-7.581668643350731429e+01 -7.489946787063601619e+01 -7.724866806080370907e+01
-7.492722250255853567e+01 -7.476106330905381014e+01 -7.437757918948729241e+01
-7.601332508010177946e+01 -7.591991401576089515e+01 -2.090447011294406536e+02
-7.586066947022175100e+01 -7.556295784288721507e+01 -7.649264508530445994e+01
-7.529029399048953053e+01 -7.465779750375543244e+01 -7.515705631631645645e+01
-1.725036761212882936e+02 -7.585976451363252693e+01 -1.264253280252036120e+02
-1.470751724811144641e+02 -4.937782703989980604e+01 -2.160305139478833780e+02
-4.912238244747913996e+01 -1.449160193648710617e+02 -5.092209671285948502e+01
-4.846288808597743980e+01 -4.674663544130751802e+01 -2.146498209680652565e+02
-4.689143530226424161e+01 -5.082375100433614534e+01 -7.632602101807506756e+01
6.340486314924237377e+01 -2.597455025585343336e+01 -1.619249934238573303e+02
1.850274563270798467e+01 4.388981417043740407e+01 -3.450955114861734785e+01
1.026300033699815728e+01 2.332623548793965185e+01 1.526606115611990901e+02
1.543790325362231499e+02 -2.606431811809115118e+01 -1.975438158148789967e+02
-5.220482048848197820e+01 1.887317064682692447e+00 -1.038724124780582230e+02
-2.622467585442397819e+01 3.674160638960903214e+01 -1.701211638600223921e+02
-2.675862594427168517e+01 1.295883223758821146e+00 1.598128614969260184e+02
2.127124782558733607e-01 -2.702126403016704614e+01 -2.194073290819677027e+02
1.845248434493560694e+02 1.152764492426334755e+02 2.884637644410722146e+01
1.140403821843337937e+02 1.565337956554447203e+02 -4.489726565045374151e+00
1.606685812197049472e+02 1.702137701373977734e+02 1.665158522090652298e+02
1.207385967885649336e+02 1.129527983270429843e+02 1.817915094352297558e+02
-1.158365822813873081e+02 -9.731808866581137352e+01 -1.698391161610557845e+02
-1.021826689477952641e+02 -1.138327367632072367e+02 -9.457346109989292415e+01
-1.049055990042732702e+02 -1.216173401530012654e+02 -2.056717351671496772e+02
-1.162882547616223121e+02 -1.436981824483150376e+02 -2.275466148318743649e+02
-8.858808836129756514e+01 -9.092585728042183746e+01 -1.457109044274849055e+02
-1.208920929789718031e+02 -1.216395923032822850e+02 -9.150858476753644766e+01
-9.220213996417624003e+01 -9.421136757424983443e+01 -1.833565621725913104e+02
-9.213722823669482409e+01 -9.195942102851317657e+01 -2.385271471988158964e+02
-7.712078426154613453e+01 -7.518761432275664447e+01 -1.726221956061615970e+02
-7.627720583602288684e+01 -8.811070833819479731e+01 -7.553686045718781372e+01
-7.620530853733879439e+01 -7.661848707237743383e+01 -2.110602899351284520e+02
-7.692818133691471871e+01 -7.544913245373550126e+01 -1.907891037624881108e+02
-1.074187432644888958e+02 -2.217345160099563941e+02 -2.285592710658306430e+02
-1.313087440730798221e+02 -2.214564939628341165e+02 -2.770750705971382786e+02
-1.402982157939611625e+02 -2.214455643586430824e+02 -2.784099325572124712e+02
-1.749352989143673653e+02 -2.216512758118220177e+02 -8.458689031105058120e+01
-1.396697994409233843e+02 -1.397060989004787075e+02 -2.032514515079117245e+02
-1.397081357192588200e+02 -1.411283634889409200e+02 -1.515806846697955450e+02
-1.556995710829116035e+02 -1.399491290003699646e+02 -1.990470913921809881e+02
-1.399477306185181078e+02 -2.066452845171343711e+02 -8.848409683700964479e+01
-8.754769865809335272e+01 -7.876406044190106570e+01 -2.183859436036941020e+02
-7.928916693734939258e+01 -1.559326074507022781e+02 -1.790208608680945304e+02
-9.674679550888076562e+01 -8.407963649829449082e+01 -2.461193756821276395e+02
-9.668158535181765956e+01 -8.307261110309468677e+01 -1.720886772356527388e+02
-6.770848410583616328e+01 -6.712353592724288376e+01 -1.828213200186624192e+02
-6.754001196805987206e+01 -6.820576432195284156e+01 -5.568333802364912799e+01
-6.805035528139941903e+01 -8.843025698323882011e+01 -1.200088119281450929e+02
-6.798382985716042981e+01 -6.952907927103049701e+01 -1.026759270262831905e+02
2.104571150025601867e+01 2.145594650288227712e+01 1.280848685293986193e+02
2.015941375738630370e+01 1.678435094075573275e+01 -1.209308770724308957e+01
1.779157855769189922e+01 1.599623920409766953e+01 -1.417608198647348559e+02
1.754804970833601985e+01 1.288860178009301762e+02 -1.813564012646413630e+02
9.856497153883228179e+01 9.605979193924250126e+01 8.945698815855453745e+01
9.431415833077926436e+01 9.798250520499736638e+01 -9.216746443141938983e+01
1.013647573488063074e+02 9.659708953770592643e+01 -4.670634969867697350e+01
1.009132116892588726e+02 9.686001303020526620e+01 9.950054189631109125e+01
1.946119451547637311e+02 1.458171612895299063e+02 1.542847301994354439e+02
1.494971184161819906e+02 1.447834041493048858e+02 -2.241968982263044836e+02
1.488360287789203937e+02 1.706021370785742306e+02 -1.208153999756339090e+02
1.522189664798139574e+02 1.572729027809783986e+02 1.801317380326839839e+02
