-1.587145120158405405e+02 -1.711955415755339516e+02 -1.098596837263710313e+02
-1.262011615045334452e+02 -2.129139344148215969e+02 -2.519462386428526202e+02
-1.744163254220661941e+02 -2.235151190914958761e+02 -3.005919426276488480e+02
-2.222562142351908392e+02 -1.162362772935569524e+02 -2.749963315008310474e+02
-1.538129473940939249e+02 -1.775708374269405567e+02 -1.061155219910219927e+02
-1.459507340119604919e+02 -2.180329616966201343e+02 -2.763050865649826164e+02
-2.175931795367821167e+02 -2.150767272722887924e+02 -2.653443238179993386e+02
-2.160434834995802476e+02 -1.399263604757369421e+02 -1.604448537767727885e+02
-1.998704496572386518e+02 -1.989276152261239190e+02 -1.023792225346817020e+02
-1.991473819165560997e+02 -2.198561065227395375e+02 -2.106702120814933323e+02
-2.201203431897289704e+02 -1.894256619141027045e+02 -2.238791095240156039e+02
-2.201333834481498570e+02 -1.346970167718384630e+02 -2.668619682612189195e+02
-1.118721270144769733e+02 -1.137245535940270713e+02 -1.138691807512514345e+02
-1.107613989783547765e+02 -1.379150849793892917e+02 -1.950500905083989096e+02
-1.046853889091870542e+02 -1.408204328957545499e+02 -2.010599610425600758e+02
-1.265518387113592098e+02 -1.118968116880571415e+02 -1.344679278682411905e+02
-1.003099295065719332e+02 -1.165052507470676630e+02 -1.871797888590220964e+02
-1.167753010668183009e+02 -1.136576616544084573e+02 -1.663346686702719239e+02
-1.203997603785290522e+02 -9.323408535297647859e+01 -1.213025544305594678e+02
-1.157043406783360524e+02 -1.119215323751380708e+02 -3.571804130164169067e+01
3.723350719790136054e+01 -9.453450736766112072e+01 1.150244261445320433e+02
5.861124862610272857e+01 -6.682178757236241040e+01 -1.143689283965258028e+02
-3.670727466389819682e+01 4.896481933106507967e+01 -1.121758940418837653e+02
-1.689691389788350762e+00 7.316772091543033696e+01 -5.560096985890181998e+01
1.304298072208945314e+02 4.097643678397393785e+01 3.820333336626906373e+01
3.519514282706633423e+01 4.805697964199340788e+01 -7.654237657012279783e+01
9.067309458694703395e+00 1.256887939835170300e+02 -7.507845348288921805e+00
8.934957091981851818e+01 1.028448505008151415e+02 1.435346900435417012e+02
9.811132867824326809e+01 5.084471837604424138e+01 1.509993526900283314e+02
-4.100303893882546902e+01 1.347601464941955953e+02 1.017263250731729940e+01
1.893513326681522102e+01 1.572853578825269665e+02 -4.140392890976451667e+01
1.154510522553055694e+02 1.448585000206824986e+02 8.017242187590068170e+01
1.572480376556245574e+02 1.474585286173588656e+02 2.319191923880268291e+01
3.551153126614025979e+01 1.540556088344492025e+02 -1.909338408711799318e+01
4.649667643835641684e+01 1.529136114540640676e+02 3.875259252262343068e+01
8.014953135327203881e+01 8.692017271893928410e+01 1.558803830185772483e+02
2.048061657617444098e+02 5.025207855592464057e+01 1.861825423703058959e+02
3.523947490249404382e+02 1.792397754564119055e+02 -3.508949599351851134e+01
3.048381897822387998e+01 1.895210963283354602e+02 2.502422410546201803e+01
1.897409356953978943e+02 1.880432295849395814e+02 1.244842070104653118e+02
3.825044912484207202e+02 2.810196335080086101e+02 2.647969949268252776e+02
2.828366500545249664e+02 3.660798855699616752e+02 2.909895351914345838e+02
2.884737762070877238e+02 4.072536588518327108e+02 8.359121250755215726e+01
3.971901675722863843e+02 3.862490601181307284e+02 2.965097310784772731e+02
2.519769268618239835e+02 2.441943240815936065e+02 1.007483080689540884e+02
2.162188527285892121e+02 2.474051569000977508e+02 2.947128129849738229e+02
2.499098125453306238e+02 2.467959100392941423e+02 2.401592593220939591e+02
2.384374331301340817e+02 2.452340958598059615e+02 1.970225923844144518e+02
4.067213184041071372e+02 1.437312511135713748e+02 1.211657982282423376e+02
1.957628738478605328e+02 1.480040886349826224e+02 7.691226947723764340e+01
1.524918654551889290e+02 1.506503744747438986e+02 5.544653308607869349e+02
4.923235715863274891e+02 1.460727659609729017e+02 1.465745951272135414e+02
5.527202774757448651e+02 5.029645549006610281e+02 3.144050593882200246e+02
3.828632352890541029e+02 5.496549243396602833e+02 1.557517619868838210e+02
4.593238657970171062e+02 6.116472048033259625e+02 3.147350604809348624e+02
5.427542913410269421e+02 5.363617771578099109e+02 5.650910073874063073e+02
-1.402308068228006732e+02 -1.076107354797537852e+02 -1.514578835670771468e+02
-1.363711229646060019e+02 -1.389146901697970975e+02 -1.101984865340199917e+02
-1.017953102726927455e+02 -1.406442675629212999e+02 -1.921902993020443660e+02
-1.191354583301414749e+02 -1.436981824483150376e+02 -2.275466148318743649e+02
-5.286222310394014556e+01 -1.002240647199561749e+02 1.125475069364284195e+02
-1.002505621121323998e+02 -9.942594315046541453e+01 2.381284196921598806e+01
9.673107753767123285e+00 -1.206378947910355350e+02 -7.286680198830148925e+01
-1.788491652634321483e+01 -1.216205808439482752e+02 -2.103267074228303386e+02
1.445807737202195398e+01 1.601940512177134934e+01 2.233687214854290346e+02
1.249922422319183681e+02 -3.593017455496380563e+01 -7.072097681626937415e+00
-3.468749205341315189e+01 6.247884937426960050e+01 -1.329783501689949503e+02
-3.567315383560479347e+01 2.220085121441217098e+02 -3.930045940922063608e+01
-9.687590503619532001e+01 -2.217345160099563941e+02 -2.285592710658306430e+02
-1.192260874928090573e+02 -2.214564939628341165e+02 -2.770750705971382786e+02
-1.402982157939611625e+02 -2.214455643586430824e+02 -2.784099325572124712e+02
-1.749352989143673653e+02 -2.216512758118220177e+02 -7.562707500523337956e+00
1.526933397182401677e+02 1.656262192400662769e+01 -6.053049907894668991e+01
1.014686107917095796e+02 3.051214151028382275e+02 7.199382521076896069e+01
1.011439085444947636e+02 3.327624712403861622e+02 1.549164387393568916e+02
1.575203007901701824e+02 2.072334995541865865e+01 2.636390294945332471e+02
3.072406043552583697e+02 1.908012933431097053e+02 2.063879147879255811e+02
7.981011294176167326e+01 8.763959432802960237e+01 2.450425829014714054e+02
1.841162917602790117e+02 4.300117139514649978e+01 9.618629523380542778e+00
1.645369496668891713e+02 2.711862096313677171e+02 3.019320864740992647e+02
3.128426999267863948e+02 8.573276619719840141e+01 1.891072672105191543e+02
1.031804394759529373e+02 1.344216812335613724e+02 5.459117219992033654e+01
8.912963406584563586e+01 2.666249464007348706e+02 5.826047220260986137e+01
1.790688434876139468e+02 3.022633047391035461e+02 2.836076115064275882e+02
2.779266082796850128e+02 2.379519984253702773e+02 4.345088536682002314e+02
3.636373128362638454e+02 1.040501054541576877e+02 8.835917653326258403e+01
1.000199270293354488e+02 2.564600368957427463e+02 6.577684173006925050e+01
2.607514954440422343e+02 3.670087327130607378e+02 1.583509662887617537e+02
2.884509937881551878e+02 2.833056479184110685e+02 5.412489253180422111e+02
4.298390098159142099e+02 1.334651979822025396e+02 1.460620808503274759e+02
1.324889139368284816e+02 1.415669421463890387e+02 1.106367277368956934e+02
1.443049211563290157e+02 2.905118501299153309e+02 1.195425274906453694e+02
5.219242950926211506e+02 4.075795447931741933e+02 5.299189179547681761e+02
1.669737516681270790e+02 4.244943122841411878e+02 8.081316226608896613e+01
3.344666205300748629e+02 4.863355712608621388e+02 2.377261416186964595e+02
4.010038797757479756e+02 5.324680280648049120e+02 3.344226499601536489e+02
