-1.587145120158405405e+02 -1.711955415755339516e+02 -1.098596837263710313e+02
-1.262011615045334452e+02 -2.129139344148215969e+02 -2.519462386428526202e+02
-1.744163254220661941e+02 -2.235151190914958761e+02 -3.005919426276488480e+02
-2.222562142351908392e+02 -1.162362772935569524e+02 -2.749963315008310474e+02
-1.538129473940939249e+02 -1.775708374269405567e+02 -1.061155219910219927e+02
-1.459507340119604919e+02 -2.180329616966201343e+02 -2.763050865649826164e+02
-2.175931795367821167e+02 -2.150767272722887924e+02 -2.653443238179993386e+02
-2.160434834995802476e+02 -1.399263604757369421e+02 -1.604448537767727885e+02
-1.998704496572386518e+02 -1.989276152261239190e+02 -1.023792225346817020e+02
-1.991473819165560997e+02 -2.198561065227395375e+02 -2.106702120814933323e+02
-2.201203431897289704e+02 -1.894256619141027045e+02 -2.238791095240156039e+02
-2.201333834481498570e+02 -1.346970167718384630e+02 -2.668619682612189195e+02
-1.118721270144769733e+02 -1.137245535940270713e+02 -1.138691807512514345e+02
-1.107613989783547765e+02 -1.379150849793892917e+02 -1.950500905083989096e+02
-1.046853889091870542e+02 -1.408204328957545499e+02 -2.010599610425600758e+02
-1.265518387113592098e+02 -1.118968116880571415e+02 -1.344679278682411905e+02
-1.003099295065719332e+02 -1.165052507470676630e+02 -1.871797888590220964e+02
-1.167753010668183009e+02 -1.163064116238143413e+02 -1.663346686702719239e+02
-1.203997603785290522e+02 -1.079184032590438420e+02 -1.213025544305594678e+02
-1.157043406783360524e+02 -1.119215323751380708e+02 -8.099032236881704705e+01
-9.652412534482324702e+01 -9.453450736766112072e+01 1.011981803737151040e+02
-8.383241783536112735e+01 -9.859413426837200234e+01 -1.000838822222975608e+02
-1.176343372308809307e+02 -1.002464020929644164e+02 -1.121758940418837653e+02
-9.747012065733434838e+01 -1.037678752226822532e+01 -1.172653111121419585e+02
5.229324798981298983e+01 -9.918142419452422587e+01 -1.796003585498653194e+02
7.721676702198516296e+01 -9.985054783790137378e+01 -1.842105444274120885e+02
-1.006572689701028764e+02 1.135841928139366175e+01 -1.005588207676937600e+02
1.035203178937290325e+01 -9.597921369110612488e+01 6.159781403785355280e+01
7.820730039588985960e+01 7.543983747361104975e+01 7.224267063261385147e+01
7.577217509773387860e+01 7.436601525873737728e+01 5.738268094838306865e+01
1.188172372603544957e+01 7.458753204875722531e+01 -9.115314403811566990e+01
1.685498705487655258e+01 7.866818557717192562e+01 7.827463889093515093e+01
1.932792441978253919e+02 7.352242780289120105e+01 5.125167002509671832e+00
7.761497585189501081e+01 3.213633306502213571e+00 1.630811691754691850e+01
2.405680031270668451e+01 7.386756023310158525e+01 -2.306667158308301424e+01
7.557110356345164348e+01 7.511543758525701264e+01 1.897574778142356138e+02
2.725968347082307446e+02 9.707593080956259257e+01 1.663020048395630965e+02
1.007156117933178905e+02 2.810243977477266526e+02 6.347265895346244235e+01
1.065553812212720004e+02 1.558546978541535282e+02 8.023712959018934043e+01
1.582272492351062851e+02 1.645076791281330770e+02 3.402092802856075764e+02
3.178261482692159916e+02 6.701995463098141670e+01 1.146502683793453912e+02
8.945465527155312202e+01 1.662444401952149917e+02 7.716887913337401983e+01
8.949150811868513244e+01 3.353018352840807097e+02 7.945649414751908068e+01
1.425488089978306903e+02 2.199859569424262418e+02 3.096975276681005198e+02
3.796931006003360949e+02 1.992430917224406812e+02 9.998350921435650207e+01
2.048653508840473592e+02 2.039305750304474429e+02 1.430957226472974071e+02
2.045285616221804048e+02 2.521081147490796752e+02 9.332080089159688896e+02
6.640479021107287281e+02 2.115906258155714568e+02 1.895402278029994818e+02
8.515176342305162507e+02 8.655892615107331949e+02 2.192726496212500535e+02
7.779368804768006385e+02 9.175658368306793591e+02 7.484607646134730885e+02
6.766178050098719723e+02 7.574621577568682369e+02 8.396246445315264282e+02
2.283469908753550612e+02 7.073217420749056146e+02 7.388778188617957312e+02
1.011912604301406873e+03 9.930321645284916485e+02 8.741098709563659668e+02
1.070318410383804576e+03 8.965240073363013380e+02 8.650073023410577662e+02
9.894778836575717378e+02 8.999386614106063007e+02 8.693998619034050535e+02
9.504272378167971738e+02 9.965673526340569879e+02 1.159560844677355590e+03
-1.402308068228006732e+02 -1.076107354797537852e+02 -1.514578835670771468e+02
-1.363711229646060019e+02 -1.389146901697970975e+02 -1.101984865340199917e+02
-1.017953102726927455e+02 -1.406442675629212999e+02 -1.921902993020443660e+02
-1.191354583301414749e+02 -1.436981824483150376e+02 -2.275466148318743649e+02
-1.212128043185894057e+02 -9.483969770069822403e+01 -1.204864015165905897e+02
-9.498775864007595260e+01 -9.300924527766076721e+01 -9.785665621753626908e+01
-9.300034599097932642e+01 -1.206378947910355350e+02 -1.846406273708448111e+02
-8.354541369490580394e+01 -1.216205808439482752e+02 -2.103267074228303386e+02
1.472773618802616511e+02 1.420482773153702851e+02 2.037519877022552350e+02
1.372909218552337052e+02 1.340960033187716931e+02 7.746241254751184613e+01
1.302891015812076887e+02 2.993852081016129318e+00 2.130054287243526545e+01
1.327098805752097235e+02 2.015288124667115994e+02 6.823995553883052345e+00
-1.074187432644888958e+02 -2.217345160099563941e+02 -2.285592710658306430e+02
-1.313087440730798221e+02 -2.214564939628341165e+02 -2.770750705971382786e+02
-1.402982157939611625e+02 -2.214455643586430824e+02 -2.784099325572124712e+02
-1.749352989143673653e+02 -2.216512758118220177e+02 -8.458689031105058120e+01
2.293111244748176887e+02 -1.397060989004787075e+02 -2.032514515079117245e+02
7.113716898654577392e+01 -6.273627935313866999e+01 -1.515806846697955450e+02
-1.556995710829116035e+02 1.976426542103933457e+02 -1.990470913921809881e+02
-1.399504899708014420e+02 -4.058122276811896256e+01 1.788964624520513667e+02
1.651636100814848760e+02 1.423722530257289236e+02 1.000430980719116008e+02
1.399475201913659816e+02 1.471825353038901767e+02 8.321264247210491405e+00
1.425218849948535649e+02 1.502864146576739017e+02 9.995112159472580515e+01
1.475484094304913754e+02 1.695292929022451176e+02 1.583118436267997708e+02
6.625260648470734850e+02 1.130747750419118773e+02 1.026179810817786517e+02
6.474955049140464780e+02 9.535253590915388600e+01 1.187698633199336200e+02
1.268081989964603054e+02 6.940641751804131445e+02 1.231029766994080603e+02
5.248295106463704087e+02 1.432440800094556437e+02 7.526918989816404064e+02
8.691938769235808877e+02 8.692148347133996822e+02 9.937167513799128074e+02
9.097580090518414409e+02 6.475404955735534713e+02 5.726638636840013987e+02
7.105126857335205841e+02 1.402194895163653712e+02 5.423383989584606297e+02
6.042518241953322331e+02 9.382707197172346696e+02 6.214398095882286270e+02
8.408310487471298984e+02 8.589385512401147480e+02 1.056911726058184286e+03
9.989619726589830861e+02 6.953635369033897859e+02 6.587016403555837769e+02
7.827307922586790028e+02 7.180069726204256995e+02 5.552804114945081437e+02
7.080521050925307236e+02 9.666469869133977681e+02 6.401997615918753581e+02
9.839257686499423698e+02 9.412935881838674277e+02 1.095409006077243475e+03
1.038682467928838378e+03 8.421904198190763964e+02 7.208227810639224344e+02
9.370168526939351068e+02 8.530329749458117021e+02 7.519255070875229876e+02
8.333505872754717529e+02 1.031490238851944696e+03 8.743296154168891690e+02
