-1.587145120158405405e+02 -1.711955415755339516e+02 -1.098596837263710313e+02
-1.262011615045334452e+02 -2.129139344148215969e+02 -2.519462386428526202e+02
-1.744163254220661941e+02 -2.235151190914958761e+02 -3.005919426276488480e+02
-2.222562142351908392e+02 -1.162362772935569524e+02 -2.749963315008310474e+02
-1.538129473940939249e+02 -1.775708374269405567e+02 -1.061155219910219927e+02
-1.459507340119604919e+02 -2.180329616966201343e+02 -2.763050865649826164e+02
-2.175931795367821167e+02 -2.150767272722887924e+02 -2.653443238179993386e+02
-2.160434834995802476e+02 -1.399263604757369421e+02 -1.604448537767727885e+02
-1.998704496572386518e+02 -1.989276152261239190e+02 -1.023792225346817020e+02
-1.991473819165560997e+02 -2.198561065227395375e+02 -2.106702120814933323e+02
-2.201203431897289704e+02 -1.894256619141027045e+02 -2.238791095240156039e+02
-2.201333834481498570e+02 -1.346970167718384630e+02 -2.668619682612189195e+02
-1.118721270144769733e+02 -1.137245535940270713e+02 -1.138691807512514345e+02
-1.107613989783547765e+02 -1.379150849793892917e+02 -1.950500905083989096e+02
-1.046853889091870542e+02 -1.408204328957545499e+02 -2.010599610425600758e+02
-1.265518387113592098e+02 -1.118968116880571415e+02 -1.344679278682411905e+02
-1.003099295065719332e+02 -1.165052507470676630e+02 -1.871797888590220964e+02
-1.167753010668183009e+02 -1.136576616544084573e+02 -1.663346686702719239e+02
-1.203997603785290522e+02 -9.323408535297647859e+01 -1.213025544305594678e+02
-1.157043406783360524e+02 -1.119215323751380708e+02 -3.571804130164169067e+01
3.723350719790136054e+01 -9.453450736766112072e+01 1.150244261445320433e+02
5.861124862610272857e+01 -6.682178757236241040e+01 -1.143689283965258028e+02
-3.670727466389819682e+01 4.896481933106507967e+01 -1.121758940418837653e+02
-1.689691389788350762e+00 7.316772091543033696e+01 -5.560096985890181998e+01
1.304298072208945314e+02 4.097643678397393785e+01 3.820333336626906373e+01
3.519514282706633423e+01 4.805697964199340788e+01 -7.654237657012279783e+01
9.067309458694703395e+00 1.256887939835170300e+02 -7.507845348288921805e+00
8.934957091981851818e+01 1.028448505008151415e+02 1.435346900435417012e+02
9.811132867824326809e+01 5.084471837604424138e+01 1.509993526900283314e+02
-4.100303893882546902e+01 1.347601464941955953e+02 1.017263250731729940e+01
1.893513326681522102e+01 1.572853578825269665e+02 -4.140392890976451667e+01
1.154510522553055694e+02 1.448585000206824986e+02 8.017242187590068170e+01
1.572480376556245574e+02 1.474585286173588656e+02 2.319191923880268291e+01
3.551153126614025979e+01 1.540556088344492025e+02 -1.909338408711799318e+01
4.649667643835641684e+01 1.529136114540640676e+02 3.875259252262343068e+01
8.014953135327203881e+01 8.692017271893928410e+01 1.558803830185772483e+02
2.048061657617444098e+02 5.025207855592464057e+01 1.861825423703058959e+02
3.523947490249404382e+02 1.792397754564119055e+02 -3.508949599351851134e+01
3.048381897822387998e+01 1.895210963283354602e+02 2.502422410546201803e+01
1.897409356953978943e+02 1.880432295849395814e+02 1.244842070104653118e+02
3.825044912484207202e+02 2.810196335080086101e+02 2.647969949268252776e+02
2.828366500545249664e+02 2.090878070357279626e+02 2.909895351914345838e+02
2.884737762070877238e+02 4.013949864675558956e+02 2.318911336979341513e+02
3.971901675722863843e+02 3.862490601181307284e+02 4.355415983632570942e+02
3.879536225822340043e+02 3.858288884448986096e+02 2.731693530408601873e+02
2.162188527285892121e+02 3.753138509212079725e+02 2.549165035559999524e+02
3.788678659134520217e+02 4.124057750182114432e+02 6.385627438334925046e+02
5.481597323383048206e+02 3.780061159407463265e+02 4.070604896851057788e+02
4.624553601252429189e+02 3.370261236305415764e+02 3.542729788071966368e+02
3.385489927215642183e+02 6.188215252049686796e+02 3.661858408253754078e+02
4.849317927859596011e+02 4.353640863457130763e+02 6.679161553209215754e+02
5.923610839974286364e+02 4.715975570931074685e+02 2.957741321691773919e+02
6.986702008346604771e+02 6.322614575517709454e+02 3.032681273988526982e+02
6.040390168257247296e+02 7.360134442887282376e+02 3.975800243839944415e+02
6.738142312238234126e+02 6.957307896705317489e+02 6.039863138054662386e+02
6.270760016705562521e+02 6.801606033002537970e+02 6.941511723760461336e+02
-1.402308068228006732e+02 -1.076107354797537852e+02 -1.514578835670771468e+02
-1.363711229646060019e+02 -1.389146901697970975e+02 -1.101984865340199917e+02
-1.017953102726927455e+02 -1.406442675629212999e+02 -1.921902993020443660e+02
-1.191354583301414749e+02 -1.436981824483150376e+02 -2.275466148318743649e+02
-5.286222310394014556e+01 -1.002240647199561749e+02 1.125475069364284195e+02
-1.002505621121323998e+02 -9.942594315046541453e+01 2.381284196921598806e+01
9.673107753767123285e+00 -1.206378947910355350e+02 -7.286680198830148925e+01
-1.788491652634321483e+01 -1.216205808439482752e+02 -2.103267074228303386e+02
1.445807737202195398e+01 1.601940512177134934e+01 2.233687214854290346e+02
1.249922422319183681e+02 -3.593017455496380563e+01 -7.072097681626937415e+00
-3.468749205341315189e+01 6.247884937426960050e+01 -1.329783501689949503e+02
-3.567315383560479347e+01 2.220085121441217098e+02 -3.930045940922063608e+01
-1.074187432644888958e+02 -2.217345160099563941e+02 -2.285592710658306430e+02
-1.313087440730798221e+02 -2.214564939628341165e+02 -2.770750705971382786e+02
-1.402982157939611625e+02 -2.214455643586430824e+02 -2.784099325572124712e+02
-1.749352989143673653e+02 -2.216512758118220177e+02 -8.458689031105058120e+01
2.293111244748176887e+02 -1.397060989004787075e+02 -2.032514515079117245e+02
7.113716898654577392e+01 -6.273627935313866999e+01 -1.515806846697955450e+02
-1.556995710829116035e+02 1.976426542103933457e+02 -1.990470913921809881e+02
-1.399504899708014420e+02 -4.058122276811896256e+01 1.788964624520513667e+02
1.651636100814848760e+02 1.423722530257289236e+02 1.000430980719116008e+02
1.399475201913659816e+02 1.471825353038901767e+02 8.321264247210491405e+00
1.425218849948535649e+02 1.502864146576739017e+02 9.995112159472580515e+01
1.475484094304913754e+02 1.695292929022451176e+02 1.583118436267997708e+02
3.741020332827974926e+02 1.130747750419118773e+02 1.026179810817786517e+02
3.838391258358611822e+02 3.647065258880264764e+02 1.187698633199336200e+02
3.398523160115353221e+02 3.540824604962873536e+02 1.231029766994080603e+02
3.494772118219504478e+02 1.432440800094556437e+02 9.987562823944649892e+01
3.491051614006461818e+02 3.583900095773369685e+02 2.996179591243671894e+02
3.482507662924951433e+02 3.721917651447954540e+02 3.707766555986008257e+02
3.563736920819927718e+02 3.658033369015378184e+02 2.350737408401214168e+02
3.569992095277267481e+02 3.466639446086392127e+02 2.436845615987291467e+02
2.198020876898587517e+02 2.238274488551385275e+02 6.459574744760041085e+02
3.906650816185255053e+02 2.129688206723517681e+02 -2.708538581630406128e+01
2.127302289131147290e+02 4.152966683268856514e+02 1.292583027475187123e+02
2.216609036540004638e+02 6.568717895702168335e+02 2.252389524662176825e+02
6.501935467621713087e+02 4.913777704002610562e+02 6.233308165705525425e+02
5.590239504288183525e+02 4.639479443928913724e+02 3.608192379348995473e+02
5.195437297244388901e+02 7.319627357256625828e+02 2.086505355672559574e+02
6.463101920935868065e+02 5.863202442949252600e+02 7.208010914579820110e+02
