-1.587145120158405405e+02 -1.711955415755339516e+02 -1.098596837263710313e+02
-1.262011615045334452e+02 -2.129139344148215969e+02 -2.519462386428526202e+02
-1.744163254220661941e+02 -2.235151190914958761e+02 -3.005919426276488480e+02
-2.222562142351908392e+02 -1.162362772935569524e+02 -2.749963315008310474e+02
-1.538129473940939249e+02 -1.775708374269405567e+02 -1.061155219910219927e+02
-1.459507340119604919e+02 -2.180329616966201343e+02 -2.763050865649826164e+02
-2.175931795367821167e+02 -2.150767272722887924e+02 -2.653443238179993386e+02
-2.160434834995802476e+02 -1.399263604757369421e+02 -1.604448537767727885e+02
-1.998704496572386518e+02 -1.989276152261239190e+02 -1.023792225346817020e+02
-1.991473819165560997e+02 -2.198561065227395375e+02 -2.106702120814933323e+02
-2.201203431897289704e+02 -1.894256619141027045e+02 -2.238791095240156039e+02
-2.201333834481498570e+02 -1.346970167718384630e+02 -2.668619682612189195e+02
-1.118721270144769733e+02 -1.137245535940270713e+02 -1.138691807512514345e+02
-1.107613989783547765e+02 -1.379150849793892917e+02 -1.950500905083989096e+02
-1.046853889091870542e+02 -1.408204328957545499e+02 -2.010599610425600758e+02
-1.265518387113592098e+02 -1.118968116880571415e+02 -1.344679278682411905e+02
-1.003099295065719332e+02 -1.165052507470676630e+02 -1.871797888590220964e+02
-1.167753010668183009e+02 -1.136576616544084573e+02 -1.663346686702719239e+02
-1.203997603785290522e+02 -9.323408535297647859e+01 -1.213025544305594678e+02
-1.157043406783360524e+02 -1.119215323751380708e+02 -3.571804130164169067e+01
3.723350719790136054e+01 -9.453450736766112072e+01 1.150244261445320433e+02
5.861124862610272857e+01 -6.682178757236241040e+01 -1.143689283965258028e+02
-3.670727466389819682e+01 4.896481933106507967e+01 -1.121758940418837653e+02
-1.689691389788350762e+00 7.316772091543033696e+01 -5.560096985890181998e+01
1.304298072208945314e+02 4.097643678397393785e+01 3.820333336626906373e+01
3.519514282706633423e+01 4.805697964199340788e+01 -7.654237657012279783e+01
9.067309458694703395e+00 1.256887939835170300e+02 -7.507845348288921805e+00
8.934957091981851818e+01 1.028448505008151415e+02 1.435346900435417012e+02
9.811132867824326809e+01 5.084471837604424138e+01 1.509993526900283314e+02
-4.100303893882546902e+01 1.347601464941955953e+02 1.017263250731729940e+01
1.893513326681522102e+01 1.572853578825269665e+02 -4.140392890976451667e+01
1.154510522553055694e+02 1.448585000206824986e+02 8.017242187590068170e+01
1.572480376556245574e+02 1.474585286173588656e+02 2.319191923880268291e+01
3.551153126614025979e+01 1.540556088344492025e+02 -1.909338408711799318e+01
4.649667643835641684e+01 1.529136114540640676e+02 3.875259252262343068e+01
8.014953135327203881e+01 8.692017271893928410e+01 1.558803830185772483e+02
1.271611140137237612e+02 5.025207855592464057e+01 1.792024107288370871e+01
5.041169329954468026e+01 2.228879875322764548e+01 -3.508949599351851134e+01
3.048381897822387998e+01 5.687530567869090703e+01 2.502422410546201803e+01
5.805559241172922214e+01 5.499618658852333652e+01 1.792863281166329159e+02
9.899286552596788624e+01 3.537062753876951149e+01 -2.383518300432453429e+01
1.723161399190068721e+02 1.093610417938241142e+01 1.132358055975244682e+01
2.950317567744459524e+01 2.469650551384243045e+02 1.551765624664849597e+01
1.197686178744253738e+02 9.905511903553802711e+01 2.537179336927183897e+02
1.586366205359013861e+02 7.572723347317359810e+01 -2.718930443602100766e+01
1.658302308130901110e+02 1.594403475599883393e+02 1.054029038319175982e+02
1.614265471204576556e+02 1.621463304623645172e+02 3.446772074198115661e+02
3.079991024489625033e+02 1.558786735011761664e+02 8.954443323265195431e-01
-1.529496286218399348e+01 7.171666877807317064e+01 1.704490485278187251e+01
7.550558424067513386e+01 7.535990756896684672e+01 3.533371446569461227e+01
7.660647945790128688e+01 7.410193542480735118e+01 1.414303741172670641e+02
7.425011864465507472e+01 6.589210086883724671e+01 -5.812584464425261643e+01
4.137914632764740759e+02 2.333437665490582447e+02 1.058047556273718897e+02
2.270607647828624920e+02 3.317361779892911500e+02 -9.058601385912144366e+00
2.890118147018316108e+02 4.057687713145003841e+02 3.439354996922411374e+02
3.282816360584407676e+02 3.562252224905088269e+02 4.036918605380215013e+02
-1.402308068228006732e+02 -1.076107354797537852e+02 -1.514578835670771468e+02
-1.363711229646060019e+02 -1.389146901697970975e+02 -1.101984865340199917e+02
-1.017953102726927455e+02 -1.406442675629212999e+02 -1.921902993020443660e+02
-1.191354583301414749e+02 -1.436981824483150376e+02 -2.275466148318743649e+02
-5.286222310394014556e+01 -1.002240647199561749e+02 1.125475069364284195e+02
-1.002505621121323998e+02 -9.942594315046541453e+01 2.381284196921598806e+01
9.673107753767123285e+00 -1.206378947910355350e+02 -7.286680198830148925e+01
-1.788491652634321483e+01 -1.216205808439482752e+02 -2.103267074228303386e+02
1.445807737202195398e+01 1.601940512177134934e+01 1.138636024470909121e+02
1.249922422319183681e+02 -3.593017455496380563e+01 -7.072097681626937415e+00
-3.468749205341315189e+01 6.247884937426960050e+01 -1.329783501689949503e+02
-3.567315383560479347e+01 9.929477787906995445e+01 -3.930045940922063608e+01
-1.074187432644888958e+02 -2.217345160099563941e+02 -2.285592710658306430e+02
-1.313087440730798221e+02 -2.214564939628341165e+02 -2.770750705971382786e+02
-1.402982157939611625e+02 -2.214455643586430824e+02 -2.784099325572124712e+02
-1.749352989143673653e+02 -2.216512758118220177e+02 -8.458689031105058120e+01
2.293111244748176887e+02 -1.397060989004787075e+02 -2.032514515079117245e+02
7.113716898654577392e+01 -6.273627935313866999e+01 -1.515806846697955450e+02
-1.556995710829116035e+02 1.976426542103933457e+02 -1.990470913921809881e+02
-1.399504899708014420e+02 -4.058122276811896256e+01 1.788964624520513667e+02
1.651636100814848760e+02 1.423722530257289236e+02 1.000430980719116008e+02
1.399475201913659816e+02 1.471825353038901767e+02 8.321264247210491405e+00
1.425218849948535649e+02 1.502864146576739017e+02 9.995112159472580515e+01
1.475484094304913754e+02 1.695292929022451176e+02 1.583118436267997708e+02
3.741020332827974926e+02 1.130747750419118773e+02 1.026179810817786517e+02
3.838391258358611822e+02 3.647065258880264764e+02 1.187698633199336200e+02
3.398523160115353221e+02 3.540824604962873536e+02 1.231029766994080603e+02
3.494772118219504478e+02 1.432440800094556437e+02 9.987562823944649892e+01
3.491051614006461818e+02 3.583900095773369685e+02 2.996179591243671894e+02
3.482507662924951433e+02 3.721917651447954540e+02 3.707766555986008257e+02
3.563736920819927718e+02 3.658033369015378184e+02 2.350737408401214168e+02
3.569992095277267481e+02 3.466639446086392127e+02 2.436845615987291467e+02
2.323952060648962288e+02 2.338972928918363436e+02 2.285591148469790994e+02
2.331703172745679069e+02 2.285749676985599308e+02 -2.708538581630406128e+01
2.288008284325219677e+02 2.326653698203252816e+02 1.292583027475187123e+02
2.277947757449472306e+02 2.291733876847837053e+02 2.317917527810497091e+01
2.312783609625251984e+02 2.267295248153649538e+02 3.178842020816564400e+02
2.300104623907387520e+02 2.273770250082667985e+02 -1.086059297500151786e+02
2.332744820003310906e+02 3.598284686751754293e+02 2.307761713666169499e+02
2.989135178479109527e+02 2.307962282614268474e+02 4.344973306235719974e+02
