-1.587145120158405405e+02 -1.711955415755339516e+02 -1.098596837263710313e+02
-1.262011615045334452e+02 -2.129139344148215969e+02 -2.519462386428526202e+02
-1.744163254220661941e+02 -2.235151190914958761e+02 -3.005919426276488480e+02
-2.222562142351908392e+02 -1.162362772935569524e+02 -2.749963315008310474e+02
-1.538129473940939249e+02 -1.775708374269405567e+02 -1.061155219910219927e+02
-1.459507340119604919e+02 -2.180329616966201343e+02 -2.763050865649826164e+02
-2.175931795367821167e+02 -2.150767272722887924e+02 -2.653443238179993386e+02
-2.160434834995802476e+02 -1.399263604757369421e+02 -1.604448537767727885e+02
-1.998704496572386518e+02 -1.989276152261239190e+02 -1.023792225346817020e+02
-1.991473819165560997e+02 -2.198561065227395375e+02 -2.106702120814933323e+02
-2.201203431897289704e+02 -1.894256619141027045e+02 -2.238791095240156039e+02
-2.201333834481498570e+02 -1.346970167718384630e+02 -2.668619682612189195e+02
-1.118721270144769733e+02 -1.137245535940270713e+02 -1.138691807512514345e+02
-1.107613989783547765e+02 -1.379150849793892917e+02 -1.950500905083989096e+02
-1.046853889091870542e+02 -1.408204328957545499e+02 -2.010599610425600758e+02
-1.265518387113592098e+02 -1.118968116880571415e+02 -1.344679278682411905e+02
-1.003099295065719332e+02 -1.165052507470676630e+02 -1.871797888590220964e+02
-1.167753010668183009e+02 -1.163064116238143413e+02 -1.663346686702719239e+02
-1.203997603785290522e+02 -1.079184032590438420e+02 -1.213025544305594678e+02
-1.157043406783360524e+02 -1.119215323751380708e+02 -8.099032236881704705e+01
-8.609467815869311380e+01 -9.121181566288031206e+01 -5.917519003114161080e+01
-7.986677966594574229e+01 -9.132899292445949868e+01 -1.000838822222975608e+02
-1.176343372308809307e+02 -9.054179549262030946e+01 -1.121758940418837653e+02
-8.974044883407918860e+01 -7.004499901152186681e+01 -1.172653111121419585e+02
-4.723108599973095778e+01 -7.389909039927444212e+01 -1.577617382441462155e+02
-7.407052190538112768e+01 -9.322520465958046998e+01 -1.796522903832650400e+02
-9.468629669808639449e+01 -6.589128583935652728e+01 -1.134950892170041641e+02
-7.469671344955436609e+01 -6.954114475673580387e+01 -3.747890320537189979e+01
-6.002919902032478916e+01 -6.424369116944149027e+01 -3.388475769176973529e+01
-5.183122154584962971e+01 -1.284662988855341439e+02 -9.558684935547823613e+01
-9.708976890940182614e+01 -6.213255728154064883e+01 -1.015941604968921581e+02
-6.137893159169601631e+01 -3.346290460578724435e+01 -6.052722899174546001e+01
-3.907585050875317023e+01 -4.884867121540975887e+01 -1.513198744964074081e+02
-3.753229267294783256e+01 -5.885372544219373481e+01 -1.734081521236017238e+02
-8.027526624837716440e+01 -5.780086649214974415e+01 -9.688927611103119375e+01
-6.054181068556974310e+01 -3.718924014500094444e+01 -4.165846111311089572e+01
-1.355394512430807197e+01 -5.600999591371675024e+01 -1.758098242073252209e+02
-2.952546931317183265e+01 -5.781049139071595278e+01 -5.874895998277347076e+01
-5.804525996658976794e+01 -3.452761506011229642e+01 -6.079368878080228455e+01
-5.552831276738773170e+01 -5.570345005685247486e+01 -5.543469383592956490e+01
-7.962981880126883993e+01 -6.776359646080067023e+01 -1.864910042884378356e+02
-6.763259058642779564e+01 -6.789427795804341770e+01 -1.479483601152800816e+02
-6.749747110052469168e+01 -1.056741094853997680e+02 -1.707672948683026561e+02
-5.923310221138110876e+01 -7.007642038612235069e+01 -1.523138494981962765e+02
-4.220271248410458753e+01 -6.459196349657229064e+01 -1.785251163890754640e+02
-5.378237194903515217e+01 -4.173728780427244089e+01 -1.499626219433023380e+02
-4.129722368140087951e+01 -4.136388521165527976e+01 -4.036517382738001913e+01
-1.945131656011554711e+01 -4.224224807903073753e+01 -1.815529268049558596e+02
2.580066137138863347e+00 -3.209633103865650838e+01 -1.270196286773933281e+02
-2.368418503394996577e+01 -1.863459507467656762e+00 -1.676905699475307472e+02
-1.722839752637553845e+00 2.285702209743152835e+01 -9.379649401102341244e+01
6.434214809680297575e-01 2.558129725085486328e+01 -1.758942981593546619e+02
1.669966272389831090e+02 1.152764492426334755e+02 2.884637644410722146e+01
1.140403821843337937e+02 1.442907685955967736e+02 -1.011079468460034860e+02
1.386368973146617236e+02 2.131228918714279530e+02 -7.453289565227159130e+01
1.653561296209201146e+02 1.584478292978809009e+02 2.398788880083595245e+02
-1.402308068228006732e+02 -1.076107354797537852e+02 -1.514578835670771468e+02
-1.363711229646060019e+02 -1.389146901697970975e+02 -1.101984865340199917e+02
-1.017953102726927455e+02 -1.406442675629212999e+02 -1.921902993020443660e+02
-1.191354583301414749e+02 -1.436981824483150376e+02 -2.275466148318743649e+02
-1.212128043185894057e+02 -7.980796078187285048e+01 -1.204864015165905897e+02
-9.036108133026283440e+01 -8.876497530153261550e+01 -6.762063435688705226e+01
-8.666350884468928939e+01 -1.206378947910355350e+02 -1.846406273708448111e+02
-8.954598486000455182e+01 -1.216205808439482752e+02 -2.103267074228303386e+02
-9.680869545985865443e+01 -5.853259115104425092e+01 -7.115113495264020571e+01
-5.917644625980526030e+01 -6.240176337084645297e+01 -5.824742662108771185e+01
-9.693351563134736182e+01 -6.141859916264652952e+01 -1.720234894811599702e+02
-9.725534188888806852e+01 -5.669364013686383430e+01 -2.019765277299083550e+02
-1.074187432644888958e+02 -2.217345160099563941e+02 -2.285592710658306430e+02
-1.313087440730798221e+02 -2.214564939628341165e+02 -2.770750705971382786e+02
-1.402982157939611625e+02 -2.214455643586430824e+02 -2.784099325572124712e+02
-1.749352989143673653e+02 -2.216512758118220177e+02 -8.458689031105058120e+01
-1.396697994409233843e+02 -1.397060989004787075e+02 -2.032514515079117245e+02
-1.397081357192588200e+02 -1.411283634889409200e+02 -1.515806846697955450e+02
-1.556995710829116035e+02 -1.399491290003699646e+02 -1.990470913921809881e+02
-1.399477306185181078e+02 -2.066452845171343711e+02 -8.848409683700964479e+01
-8.754769865809335272e+01 -7.876406044190106570e+01 -2.183859436036941020e+02
-7.928916693734939258e+01 -1.559326074507022781e+02 -1.790208608680945304e+02
-9.674679550888076562e+01 -8.407963649829449082e+01 -2.461193756821276395e+02
-9.668158535181765956e+01 -8.307261110309468677e+01 -1.720886772356527388e+02
-6.770848410583616328e+01 -6.712353592724288376e+01 -1.828213200186624192e+02
-6.754001196805987206e+01 -6.820576432195284156e+01 -5.568333802364912799e+01
-6.805035528139941903e+01 -8.843025698323882011e+01 -1.200088119281450929e+02
-6.798382985716042981e+01 -6.952907927103049701e+01 -1.026759270262831905e+02
2.104571150025601867e+01 2.145594650288227712e+01 1.025711666321430613e+02
2.015941375738630370e+01 1.678435094075573275e+01 -1.209308770724308957e+01
1.779157855769189922e+01 8.840807359884786365e+01 -1.417608198647348559e+02
1.754804970833601985e+01 1.217422429123291465e+02 -1.813564012646413630e+02
9.433735182269656150e+01 8.697521357073125614e+01 8.945698815855453745e+01
8.962858646132698937e+01 -9.489667927617554710e+01 -9.216746443141938983e+01
9.416779316596513638e+01 9.659708953770592643e+01 -4.280505168737983368e+00
9.628152714373385379e+01 9.153776554865783055e+01 -1.063787355908707184e+02
1.461219167061723283e+02 1.458171612895299063e+02 2.043988163666515163e+02
1.569669976266892490e+02 1.447834041493048858e+02 -2.241968982263044836e+02
1.394794618641879254e+02 1.416326153865462061e+02 -1.208153999756339090e+02
1.376545876107788331e+02 1.565313007310822684e+02 9.961357919881663747e+01
