-1.587145120158405405e+02 -1.711955415755339516e+02 -1.098596837263710313e+02
-1.262011615045334452e+02 -2.129139344148215969e+02 -2.519462386428526202e+02
-1.744163254220661941e+02 -2.235151190914958761e+02 -3.005919426276488480e+02
-2.222562142351908392e+02 -1.162362772935569524e+02 -2.749963315008310474e+02
-1.538129473940939249e+02 -1.775708374269405567e+02 -1.061155219910219927e+02
-1.459507340119604919e+02 -2.180329616966201343e+02 -2.763050865649826164e+02
-2.175931795367821167e+02 -2.150767272722887924e+02 -2.653443238179993386e+02
-2.160434834995802476e+02 -1.399263604757369421e+02 -1.604448537767727885e+02
-1.998704496572386518e+02 -1.989276152261239190e+02 -1.023792225346817020e+02
-1.991473819165560997e+02 -2.198561065227395375e+02 -2.106702120814933323e+02
-2.201203431897289704e+02 -1.894256619141027045e+02 -2.238791095240156039e+02
-2.201333834481498570e+02 -1.346970167718384630e+02 -2.668619682612189195e+02
-1.118721270144769733e+02 -1.137245535940270713e+02 -1.138691807512514345e+02
-1.107613989783547765e+02 -1.379150849793892917e+02 -1.950500905083989096e+02
-1.046853889091870542e+02 -1.408204328957545499e+02 -2.010599610425600758e+02
-1.265518387113592098e+02 -1.118968116880571415e+02 -1.344679278682411905e+02
-1.003099295065719332e+02 -1.165052507470676630e+02 -1.871797888590220964e+02
-1.167753010668183009e+02 -1.136576616544084573e+02 -1.663346686702719239e+02
-1.203997603785290522e+02 -9.323408535297647859e+01 -1.213025544305594678e+02
-1.157043406783360524e+02 -1.119215323751380708e+02 -3.571804130164169067e+01
3.723350719790136054e+01 -9.453450736766112072e+01 1.150244261445320433e+02
5.861124862610272857e+01 -6.682178757236241040e+01 -1.143689283965258028e+02
-3.670727466389819682e+01 4.896481933106507967e+01 -1.121758940418837653e+02
-1.689691389788350762e+00 7.316772091543033696e+01 -5.560096985890181998e+01
1.304298072208945314e+02 4.097643678397393785e+01 3.820333336626906373e+01
3.519514282706633423e+01 4.805697964199340788e+01 -7.654237657012279783e+01
9.067309458694703395e+00 1.256887939835170300e+02 -7.507845348288921805e+00
8.934957091981851818e+01 1.028448505008151415e+02 1.435346900435417012e+02
9.811132867824326809e+01 5.084471837604424138e+01 1.509993526900283314e+02
-4.100303893882546902e+01 1.347601464941955953e+02 1.017263250731729940e+01
1.893513326681522102e+01 1.572853578825269665e+02 -4.140392890976451667e+01
1.154510522553055694e+02 1.448585000206824986e+02 8.017242187590068170e+01
1.572480376556245574e+02 1.474585286173588656e+02 2.319191923880268291e+01
3.551153126614025979e+01 1.437042342672873474e+02 -1.909338408711799318e+01
4.649667643835641684e+01 1.453345381435730985e+02 3.875259252262343068e+01
8.014953135327203881e+01 8.692017271893928410e+01 1.626008984006031710e+02
1.809191072254645860e+02 5.025207855592464057e+01 6.475068692567391508e+02
2.384145249390421668e+02 1.792397754564119055e+02 8.772013107685314992e+01
3.048381897822387998e+01 1.675432220736495879e+02 2.502422410546201803e+01
1.689755188507915591e+02 2.555282566148558487e+02 1.244842070104653118e+02
2.868689643767095276e+02 2.810196335080086101e+02 2.647969949268252776e+02
2.828366500545249664e+02 2.903630383266910258e+02 2.504874696821677844e+02
2.789119109203527387e+02 2.813157234235969781e+02 8.359121250755215726e+01
2.811071457353358483e+02 2.889998873535197390e+02 2.454138123550823423e+02
2.365737518053181532e+02 2.705104076338814139e+02 1.007483080689540884e+02
2.162188527285892121e+02 2.383115724126741952e+02 2.955902195308931368e+02
2.973799729062606048e+02 2.467959100392941423e+02 2.401592593220939591e+02
2.482211112641137447e+02 2.338594542722015319e+02 1.970225923844144518e+02
8.694411163757974919e+02 7.808136327036131661e+02 2.360939601260336644e+02
8.597343330776150196e+02 1.480040886349826224e+02 7.691226947723764340e+01
7.922613395417109814e+02 1.506503744747438986e+02 1.019285091843454666e+03
9.139831545866945817e+02 7.855771619757997541e+02 7.881545176626436842e+02
1.147463787946046978e+03 9.097961231412206189e+02 8.200974043847647863e+02
9.058191406129894858e+02 9.306423411816995213e+02 8.521339159972465040e+02
9.348888032608065259e+02 1.012726400552351379e+03 9.416834673326632128e+02
9.743675273365581688e+02 1.027866911178330611e+03 1.298950848854876313e+03
-1.402308068228006732e+02 -1.076107354797537852e+02 -1.514578835670771468e+02
-1.363711229646060019e+02 -1.389146901697970975e+02 -1.101984865340199917e+02
-1.017953102726927455e+02 -1.406442675629212999e+02 -1.921902993020443660e+02
-1.191354583301414749e+02 -1.436981824483150376e+02 -2.275466148318743649e+02
-5.286222310394014556e+01 -1.002240647199561749e+02 1.125475069364284195e+02
-1.002505621121323998e+02 -9.942594315046541453e+01 2.381284196921598806e+01
9.673107753767123285e+00 -1.206378947910355350e+02 -7.286680198830148925e+01
-1.788491652634321483e+01 -1.216205808439482752e+02 -2.103267074228303386e+02
1.445807737202195398e+01 1.601940512177134934e+01 2.233687214854290346e+02
1.249922422319183681e+02 -3.593017455496380563e+01 -7.072097681626937415e+00
-3.468749205341315189e+01 6.247884937426960050e+01 -1.329783501689949503e+02
-3.567315383560479347e+01 2.220085121441217098e+02 -3.930045940922063608e+01
-9.687590503619532001e+01 -2.217345160099563941e+02 -2.285592710658306430e+02
-1.192260874928090573e+02 -2.214564939628341165e+02 -2.770750705971382786e+02
-1.402982157939611625e+02 -2.214455643586430824e+02 -2.784099325572124712e+02
-1.749352989143673653e+02 -2.216512758118220177e+02 -7.562707500523337956e+00
1.526933397182401677e+02 1.656262192400662769e+01 -6.053049907894668991e+01
1.014686107917095796e+02 3.051214151028382275e+02 7.199382521076896069e+01
1.011439085444947636e+02 3.327624712403861622e+02 1.549164387393568916e+02
1.575203007901701824e+02 2.072334995541865865e+01 2.636390294945332471e+02
3.072406043552583697e+02 1.908012933431097053e+02 2.063879147879255811e+02
7.981011294176167326e+01 8.763959432802960237e+01 2.450425829014714054e+02
1.841162917602790117e+02 4.300117139514649978e+01 9.618629523380542778e+00
1.645369496668891713e+02 2.711862096313677171e+02 3.019320864740992647e+02
6.684075958396974784e+02 8.573276619719840141e+01 1.891072672105191543e+02
1.031804394759529373e+02 6.274716104274144755e+02 5.459117219992033654e+01
8.912963406584563586e+01 7.737412810959359604e+02 5.826047220260986137e+01
4.959904846249002617e+02 2.436474495562098923e+02 8.085612236057480686e+02
8.547760638483134699e+02 7.776302950902963858e+02 1.094562307300920565e+03
9.746208021462176703e+02 7.203564048618974311e+02 6.229101032025906761e+02
6.850772451828823932e+02 7.180242329520541489e+02 7.034485454116309029e+02
7.291099776836961155e+02 7.136781063306466422e+02 9.445065312577597751e+02
1.029757810034666363e+03 7.357666111823546089e+02 1.218605036975831808e+03
9.741996693652527028e+02 7.424416235041924210e+02 7.662733746501694441e+02
6.506833033983133419e+02 7.892938278128087859e+02 5.873793917515929479e+02
7.605887626994382344e+02 1.136146606303087765e+03 7.954408659838311451e+02
1.266419594186138966e+03 9.711885861582904909e+02 9.789237348964303465e+02
1.137866859524016945e+03 8.889246199896915641e+02 8.004623522437746033e+02
9.375192573778886072e+02 8.827155513820696342e+02 8.156037082776940679e+02
9.165359251069201036e+02 1.019821497038769280e+03 1.317753241498610350e+03
