-1.587145120158405405e+02 -1.401914679066291569e+02 -8.672044537801369302e+01
-1.117418858676755917e+02 -2.129139344148215969e+02 -2.315615301434434059e+02
-1.088560016408414981e+02 -2.235151190914958761e+02 -3.005919426276488480e+02
-2.222562142351908392e+02 -1.057153163408600278e+02 -1.830053055800908908e+02
-1.417513947978681870e+02 -1.425100329369324186e+02 -6.398316567164236801e+01
-1.431586944690287169e+02 -1.571347928348801304e+02 -2.143262104227985105e+02
-1.392861821431071974e+02 -1.377654096252008458e+02 -1.882070336058102669e+02
-1.370532390834455327e+02 -1.429748106386381323e+02 -1.510068766688158348e+02
-1.610277228590950642e+02 -1.629237944034390466e+02 -4.651395075596720119e+01
-1.164234998054376149e+02 -2.198561065227395375e+02 -2.321462273736865995e+02
-2.201203431897289704e+02 -1.301495903894355308e+02 -2.238791095240156039e+02
-2.004080802073232519e+02 -1.586269796538932439e+02 -2.332474384283515292e+02
-1.151763994019408273e+02 -1.198954865500348603e+02 -3.845627012546220413e+01
-9.321120679858015023e+01 -1.379150849793892917e+02 -2.008764549699765496e+02
-1.138610223763560043e+02 -1.244212479108480096e+02 -2.010599610425600758e+02
-1.208898508686867785e+02 -7.056987667368829875e+01 -1.177007326015441890e+02
-7.168131625638696391e+01 -1.148725696860011283e+02 -1.674387072295353391e+02
-1.151323972526421926e+02 -5.992054592923044254e+01 -1.240893797611146994e+02
-1.125090676380852130e+02 -1.110490864486113765e+02 -1.840581405707863780e+02
-1.108616325375403164e+02 -1.093744895865414719e+02 -3.152960572656248672e+01
-1.770314718003207233e+01 -7.910615842292669697e+01 -9.150186635332833163e+00
-2.099732257276307834e+01 -1.047746702521193356e+02 -1.043289754091050980e+02
-1.042646961692760357e+02 -1.048922153455001336e+02 -1.100480315386348025e+02
-1.044276994656846540e+02 4.566714051396563723e-01 -1.023390338404036299e+02
-1.984135342750355235e+01 -1.013107851657435390e+02 -2.097548145596934148e+02
-9.935981697911046240e+01 -9.787803337156303485e+01 -1.585122244087781382e+02
-9.792970068916065429e+01 1.666570877025982256e+01 -1.583976216188735293e+02
-2.643877564640636280e+01 -9.547701734011545227e+01 -3.195635207396706079e+01
-9.331117538435589154e+01 -6.885821526554387617e+01 -3.632686657298012989e+01
-5.511196680597510067e+01 -8.782515716613957579e+01 -8.983245964062678013e+01
-8.978296530883133642e+01 9.448653795861597260e+00 -9.390641255285360955e+01
-4.062029511472806576e+01 -3.208774256750290022e+01 -8.919042900713959909e+01
-3.776842138932594395e+01 -2.809856079609888013e+01 -9.321895569209155497e+01
-8.222886570883382262e+01 -2.160213271903095844e+01 -1.627005528407181600e+02
-7.881911391234717712e+01 7.661392184123219096e-01 -8.775212422633676113e+01
-6.662172575276646569e+01 -3.596348305334161921e+01 -3.603169840341377750e+01
-7.623772521916185951e+01 -7.756099822017085899e+01 -1.061610319409013954e+02
-7.657054766114912070e+01 -7.713595778687053439e+01 -5.271945896805920029e+01
-8.040615326067691626e+01 7.145520060970302723e+01 -7.799794033777912716e+01
-7.785348307128003853e+01 -7.628050922614808371e+01 2.891073108893021271e+01
-4.889753170391668391e+01 -6.627986787046452832e+01 -7.640998718227508846e+01
-4.699833562121462904e+01 -6.755357656007657852e+01 -9.424377532259418899e+01
-5.414889411547950715e+01 -4.785800589799431037e+01 -1.413819932608808472e+02
-1.741079814700797215e+02 -4.836352646484771611e+01 1.054364146706610086e+02
4.288614503213536011e+01 -6.358562114183167324e+01 -2.259183248496985925e+02
1.563220687374985474e+01 -2.292334259846961331e+01 -4.930760966137906109e+01
-2.268989214194989401e+01 8.042606834494044676e+00 1.817970507087828196e+02
1.520325551088242833e+02 -2.525708396874660977e+01 -1.749841616346905937e+02
4.336800651135888529e+00 9.737767722246715607e+01 -1.089456189672337558e+02
5.056937960564064127e+01 1.294475441162682046e+02 -1.298419191106611947e+02
4.192637451209282773e+01 3.162747421053306862e+00 1.997390241009121326e+02
3.533789317682423103e+00 3.555481546196326725e+00 -1.906400678004383735e+02
2.144270935263409399e+02 1.696499520170234518e+02 4.601177610617865099e+01
1.048705355151945611e+02 1.699631849565517143e+02 -1.214992800708686218e+02
1.731327564523236902e+02 2.124631928287521987e+02 1.659651223582496584e+02
1.752822761236361657e+02 1.805990960091350814e+02 2.297856188432592717e+02
-1.234758679986961170e+02 -1.094370883475614704e+02 -1.390573294585001207e+01
-1.202899344472005794e+02 -1.389146901697970975e+02 -8.841952378339044571e+01
-7.336298907694886395e+01 -1.406442675629212999e+02 -1.781024713716055885e+02
-1.237006666125371339e+02 -1.436981824483150376e+02 -1.763973510564862863e+02
-1.004857980360489336e+02 -9.709541370160130214e+01 -1.234039427657852457e+02
-1.008104946223537155e+02 -9.922154141290074847e+01 -6.172698971459868744e+01
-1.002094826768828995e+02 -1.084734068950735377e+02 -1.578848382082626927e+02
-1.082893108415799617e+02 -1.007182925323203904e+02 -1.476290318317504671e+02
-8.976875439439922388e+01 -6.171987165302088840e+01 -9.938482774712468881e+01
-7.419020870309761051e+01 -8.965767244410460535e+01 -4.268549573082290749e+01
-8.955963648053852921e+01 -8.928439245729711615e+01 -1.895745400939666752e+02
-8.991520399534661578e+01 -8.925856205684775091e+01 -1.981519165509872664e+02
-1.578039025243845970e+02 -1.577605352333048359e+02 -2.255460907340143137e+02
-1.587107327955239384e+02 -1.595592346513291488e+02 -1.412436447279121410e+02
-1.593910490237046815e+02 -1.598718885247168373e+02 -1.864905344017584525e+02
-1.602524438856062261e+02 -1.575554644845921075e+02 -1.751362807414317331e+02
-7.011639145978749355e+01 -7.879222437199537410e+01 -9.163160950366963675e+01
-7.870938121155306533e+01 -7.175099351853342000e+01 -9.535560779697729572e+01
-7.059715925491819632e+01 -6.976044871602179853e+01 -1.420846913908737861e+02
-7.029946059219886934e+01 -7.120835393055997997e+01 -3.728157943833436150e+01
-4.328587210349601833e+01 -7.593263170364085113e+01 -1.397913472116300682e+02
-7.580277779419917294e+01 -2.951126601868076804e+01 -8.554724318068949174e+01
-7.571664577323824119e+01 -4.284884278186640927e+01 -1.522240519327226309e+02
-4.447932386912322045e+01 -5.428749895566025430e+01 -4.654331200599449403e+01
-4.961526182913993210e+01 -4.881300511521095586e+01 -1.838658295462924457e+02
-4.922955123963490820e+01 -5.020030676171732864e+01 -5.015775213566477220e+01
-5.006062426166641899e+01 -4.318513966847089591e+01 -1.317742441968866558e+02
-5.011753697868913804e+01 -4.881773017366053580e+01 -3.969555545282530318e+01
-3.903957222737123800e+01 -3.953680631605517704e+01 -4.466836048782178636e+01
-3.932872887590466604e+01 -4.433427790626738840e+01 -4.880760695704059060e+01
-3.982104950396568910e+01 -4.655808739535875418e+01 -1.734401493174892153e+02
-4.032723794377836413e+01 -3.927235057299836996e+01 -1.539398719310123340e+02
-9.802376402505727171e+00 -1.156698261040817322e+01 8.465124379635003038e+01
-1.096301062320693909e+01 -1.172984532750598774e+01 -8.966595090566067938e+01
-1.113901617750729045e+01 -1.126312339073301949e+01 -3.413817461312338253e+01
-1.093891046695364011e+01 -1.091417980655739228e+01 -1.683911580498878493e+02
1.953590230666482057e+02 1.626567962509016638e+02 1.630370129306924412e+02
1.608340761991867964e+02 1.539228912479142650e+02 -9.950646313674408105e+00
1.556603082196922401e+02 1.800369834865874736e+02 1.994221646362002431e+01
1.631395561237036986e+02 1.739720894954814696e+02 1.996388306916355475e+02
